0.000000 0.000000 0.000000 0.000000 0.000000 0.000000 0.000000 0.000000 0.000000 0.000000 0.000000 0.000000 0.000000 0.000000 0.000000 0.000000 0.000000 0.000000 0.000000 0.000000 0.000000 0.000000 0.000000 0.000000 0.000000 0.000000 0.000000 0.000000 0.000000 0.000000 0.000000 0.000000 0.000000 0.000000 0.000000 0.000000 0.000000 0.000000 0.000000 0.000000 0.000000 0.000000 0.000000 0.000000 0.000000 0.000000 0.000000 0.000000 0.000000 0.000000 0.000000 0.000000 0.000000 0.000000 0.000000 0.000000 0.000000 0.000000 0.000000 0.000000 0.000000 0.000000 0.000000 0.000000 0.000000 0.000000 0.000000 0.000000 0.000000 0.000000 0.000000 0.000000 0.000000 0.000000 0.000000 0.000000 0.000000 0.000000 0.000000 0.000000 0.000000 0.000000 0.000000 0.000000 0.000000 0.000000 0.000000 0.000000 0.000000 0.000000 0.000000 0.000000 0.000000 0.000000 0.000000 0.000000 0.000000 0.000000 0.000000 0.000000 0.000000 
0.000000 0.000000 0.000000 0.000000 0.000000 0.000000 0.000000 0.000000 0.000000 0.000000 0.000000 0.000001 0.000001 0.000002 0.000002 0.000004 0.000005 0.000007 0.000010 0.000013 0.000017 0.000022 0.000026 0.000030 0.000034 0.000036 0.000038 0.000038 0.000036 0.000033 0.000029 0.000025 0.000020 0.000015 0.000011 0.000007 0.000005 0.000003 0.000001 0.000001 0.000000 0.000000 0.000000 -0.000000 -0.000000 -0.000000 -0.000000 -0.000000 0.000000 0.000000 0.000000 0.000000 0.000000 -0.000000 -0.000000 0.000000 0.000000 -0.000000 0.000000 -0.000000 -0.000000 0.000000 0.000000 -0.000000 0.000000 0.000000 -0.000000 -0.000000 0.000000 -0.000000 -0.000000 0.000000 -0.000000 -0.000000 0.000000 -0.000000 -0.000000 0.000000 -0.000000 -0.000000 0.000000 -0.000000 0.000000 -0.000000 0.000000 -0.000000 0.000000 -0.000000 -0.000000 0.000000 -0.000000 0.000000 -0.000000 0.000000 -0.000000 0.000000 -0.000000 0.000000 -0.000000 0.000000 0.000000 
0.000000 0.000000 0.000000 0.000000 0.000000 0.000000 0.000000 0.000000 0.000000 0.000000 0.000001 0.000001 0.000002 0.000003 0.000004 0.000006 0.000009 0.000013 0.000018 0.000025 0.000032 0.000039 0.000047 0.000055 0.000062 0.000066 0.000069 0.000069 0.000066 0.000061 0.000054 0.000045 0.000036 0.000027 0.000020 0.000013 0.000008 0.000005 0.000003 0.000001 0.000001 0.000000 0.000000 -0.000000 -0.000000 -0.000000 -0.000000 -0.000000 0.000000 0.000000 0.000000 0.000000 0.000000 -0.000000 -0.000000 0.000000 0.000000 -0.000000 -0.000000 -0.000000 -0.000000 0.000000 -0.000000 -0.000000 0.000000 0.000000 -0.000000 -0.000000 0.000000 -0.000000 -0.000000 0.000000 -0.000000 -0.000000 0.000000 -0.000000 -0.000000 0.000000 -0.000000 -0.000000 0.000000 -0.000000 0.000000 -0.000000 0.000000 -0.000000 0.000000 -0.000000 -0.000000 0.000000 -0.000000 0.000000 -0.000000 0.000000 -0.000000 0.000000 -0.000000 0.000000 -0.000000 0.000000 0.000000 
0.000000 0.000000 0.000000 0.000000 0.000000 0.000000 0.000000 0.000000 0.000000 0.000001 0.000001 0.000002 0.000004 0.000006 0.000009 0.000014 0.000020 0.000028 0.000039 0.000052 0.000067 0.000083 0.000100 0.000116 0.000130 0.000140 0.000146 0.000145 0.000139 0.000128 0.000113 0.000095 0.000076 0.000057 0.000041 0.000028 0.000018 0.000010 0.000006 0.000003 0.000001 0.000000 0.000000 -0.000000 -0.000000 -0.000000 -0.000000 -0.000000 0.000000 0.000000 0.000000 0.000000 0.000000 -0.000000 -0.000000 -0.000000 0.000000 -0.000000 -0.000000 -0.000000 -0.000000 0.000000 -0.000000 -0.000000 0.000000 0.000000 -0.000000 -0.000000 0.000000 -0.000000 -0.000000 0.000000 -0.000000 -0.000000 0.000000 -0.000000 -0.000000 0.000000 -0.000000 -0.000000 0.000000 -0.000000 0.000000 -0.000000 0.000000 -0.000000 0.000000 -0.000000 -0.000000 0.000000 -0.000000 0.000000 -0.000000 0.000000 -0.000000 0.000000 -0.000000 0.000000 -0.000000 0.000000 0.000000 
0.000000 0.000000 0.000000 0.000000 0.000000 0.000000 0.000000 0.000000 0.000001 0.000002 0.000003 0.000005 0.000007 0.000012 0.000018 0.000028 0.000041 0.000057 0.000079 0.000105 0.000134 0.000167 0.000201 0.000233 0.000260 0.000281 0.000291 0.000291 0.000279 0.000256 0.000225 0.000189 0.000151 0.000115 0.000082 0.000056 0.000035 0.000021 0.000011 0.000005 0.000002 0.000001 0.000000 -0.000000 -0.000000 -0.000000 -0.000000 -0.000000 0.000000 0.000000 0.000000 0.000000 0.000000 -0.000000 -0.000000 -0.000000 0.000000 -0.000000 -0.000000 -0.000000 0.000000 0.000000 -0.000000 -0.000000 0.000000 0.000000 -0.000000 -0.000000 0.000000 -0.000000 -0.000000 0.000000 -0.000000 -0.000000 0.000000 -0.000000 -0.000000 0.000000 -0.000000 -0.000000 0.000000 -0.000000 0.000000 -0.000000 0.000000 -0.000000 0.000000 -0.000000 -0.000000 0.000000 -0.000000 0.000000 -0.000000 0.000000 -0.000000 0.000000 -0.000000 0.000000 -0.000000 0.000000 0.000000 
0.000000 0.000000 0.000000 0.000000 0.000000 0.000000 0.000000 0.000001 0.000002 0.000003 0.000005 0.000009 0.000015 0.000024 0.000036 0.000055 0.000080 0.000113 0.000155 0.000206 0.000264 0.000328 0.000394 0.000457 0.000511 0.000550 0.000571 0.000570 0.000545 0.000501 0.000440 0.000369 0.000295 0.000224 0.000161 0.000109 0.000069 0.000041 0.000022 0.000011 0.000005 0.000002 0.000000 -0.000000 -0.000000 -0.000000 -0.000000 -0.000000 0.000000 0.000000 0.000000 0.000000 0.000000 -0.000000 -0.000000 -0.000000 0.000000 -0.000000 -0.000000 -0.000000 0.000000 0.000000 -0.000000 -0.000000 0.000000 0.000000 -0.000000 -0.000000 0.000000 -0.000000 -0.000000 0.000000 -0.000000 -0.000000 0.000000 -0.000000 -0.000000 0.000000 -0.000000 -0.000000 0.000000 -0.000000 0.000000 -0.000000 0.000000 -0.000000 0.000000 -0.000000 -0.000000 0.000000 -0.000000 0.000000 -0.000000 0.000000 -0.000000 0.000000 -0.000000 0.000000 -0.000000 0.000000 0.000000 
0.000000 0.000000 0.000000 0.000000 0.000000 0.000000 0.000001 0.000002 0.000003 0.000006 0.000010 0.000017 0.000028 0.000045 0.000070 0.000105 0.000154 0.000217 0.000297 0.000394 0.000506 0.000628 0.000754 0.000873 0.000976 0.001051 0.001089 0.001086 0.001040 0.000954 0.000837 0.000702 0.000561 0.000426 0.000306 0.000207 0.000131 0.000077 0.000042 0.000020 0.000009 0.000003 0.000001 -0.000000 -0.000000 -0.000000 -0.000000 -0.000000 0.000000 0.000000 0.000000 0.000000 0.000000 -0.000000 -0.000000 -0.000000 0.000000 -0.000000 -0.000000 0.000000 0.000000 0.000000 -0.000000 -0.000000 0.000000 0.000000 -0.000000 -0.000000 0.000000 -0.000000 -0.000000 0.000000 -0.000000 -0.000000 0.000000 -0.000000 -0.000000 0.000000 -0.000000 -0.000000 0.000000 -0.000000 0.000000 -0.000000 0.000000 -0.000000 0.000000 -0.000000 -0.000000 0.000000 -0.000000 0.000000 -0.000000 0.000000 -0.000000 0.000000 -0.000000 0.000000 -0.000000 0.000000 0.000000 
0.000000 0.000000 0.000000 0.000000 0.000000 0.000001 0.000002 0.000003 0.000006 0.000011 0.000019 0.000033 0.000053 0.000085 0.000131 0.000197 0.000287 0.000406 0.000555 0.000736 0.000944 0.001171 0.001404 0.001625 0.001815 0.001954 0.002025 0.002017 0.001930 0.001769 0.001553 0.001301 0.001039 0.000788 0.000565 0.000382 0.000242 0.000142 0.000077 0.000037 0.000016 0.000005 0.000001 -0.000000 -0.000000 -0.000000 -0.000000 -0.000000 0.000000 0.000000 0.000000 0.000000 0.000000 -0.000000 -0.000000 -0.000000 0.000000 -0.000000 -0.000000 0.000000 0.000000 0.000000 -0.000000 -0.000000 0.000000 0.000000 -0.000000 -0.000000 0.000000 -0.000000 -0.000000 0.000000 -0.000000 -0.000000 0.000000 -0.000000 -0.000000 0.000000 -0.000000 -0.000000 0.000000 -0.000000 0.000000 -0.000000 0.000000 -0.000000 0.000000 -0.000000 -0.000000 0.000000 -0.000000 0.000000 -0.000000 0.000000 -0.000000 0.000000 -0.000000 0.000000 -0.000000 0.000000 0.000000 
0.000000 0.000000 0.000000 0.000000 0.000001 0.000002 0.000003 0.000006 0.000011 0.000020 0.000035 0.000059 0.000097 0.000155 0.000239 0.000359 0.000523 0.000738 0.001009 0.001337 0.001714 0.002125 0.002546 0.002946 0.003288 0.003537 0.003663 0.003647 0.003487 0.003196 0.002804 0.002348 0.001874 0.001420 0.001019 0.000689 0.000436 0.000256 0.000138 0.000067 0.000029 0.000010 0.000002 -0.000000 -0.000001 -0.000000 -0.000000 -0.000000 0.000000 0.000000 0.000000 0.000000 0.000000 -0.000000 -0.000000 0.000000 0.000000 -0.000000 -0.000000 0.000000 0.000000 0.000000 -0.000000 -0.000000 0.000000 0.000000 -0.000000 -0.000000 0.000000 -0.000000 -0.000000 0.000000 -0.000000 -0.000000 0.000000 -0.000000 -0.000000 0.000000 -0.000000 -0.000000 0.000000 -0.000000 0.000000 -0.000000 0.000000 -0.000000 0.000000 -0.000000 -0.000000 0.000000 -0.000000 0.000000 -0.000000 0.000000 -0.000000 0.000000 -0.000000 0.000000 -0.000000 0.000000 0.000000 
0.000000 0.000000 0.000000 0.000001 0.000002 0.000003 0.000006 0.000011 0.000020 0.000036 0.000063 0.000106 0.000173 0.000275 0.000425 0.000637 0.000926 0.001307 0.001786 0.002364 0.003029 0.003753 0.004494 0.005196 0.005797 0.006232 0.006451 0.006420 0.006134 0.005620 0.004927 0.004125 0.003290 0.002493 0.001787 0.001208 0.000764 0.000449 0.000243 0.000118 0.000050 0.000017 0.000004 -0.000001 -0.000001 -0.000001 -0.000000 -0.000000 0.000000 0.000000 0.000000 0.000000 0.000000 -0.000000 -0.000000 0.000000 0.000000 -0.000000 -0.000000 0.000000 0.000000 0.000000 -0.000000 -0.000000 0.000000 0.000000 -0.000000 -0.000000 0.000000 -0.000000 -0.000000 0.000000 -0.000000 -0.000000 0.000000 -0.000000 -0.000000 0.000000 -0.000000 -0.000000 0.000000 -0.000000 0.000000 -0.000000 0.000000 -0.000000 0.000000 -0.000000 -0.000000 0.000000 -0.000000 0.000000 -0.000000 0.000000 -0.000000 0.000000 -0.000000 0.000000 -0.000000 0.000000 0.000000 
0.000000 0.000000 0.000001 0.000001 0.000003 0.000005 0.000010 0.000019 0.000035 0.000063 0.000109 0.000183 0.000299 0.000475 0.000733 0.001099 0.001597 0.002251 0.003074 0.004067 0.005207 0.006448 0.007717 0.008918 0.009943 0.010684 0.011052 0.010993 0.010499 0.009614 0.008424 0.007050 0.005621 0.004257 0.003051 0.002061 0.001304 0.000766 0.000414 0.000201 0.000085 0.000029 0.000006 -0.000001 -0.000002 -0.000001 -0.000001 -0.000000 0.000000 0.000000 0.000000 0.000000 0.000000 -0.000000 -0.000000 0.000000 0.000000 -0.000000 -0.000000 0.000000 0.000000 0.000000 -0.000000 -0.000000 0.000000 0.000000 -0.000000 -0.000000 0.000000 -0.000000 -0.000000 0.000000 -0.000000 -0.000000 0.000000 -0.000000 -0.000000 0.000000 -0.000000 0.000000 0.000000 -0.000000 0.000000 -0.000000 0.000000 -0.000000 0.000000 -0.000000 -0.000000 0.000000 -0.000000 0.000000 -0.000000 0.000000 -0.000000 0.000000 -0.000000 0.000000 -0.000000 0.000000 0.000000 
0.000000 0.000001 0.000001 0.000002 0.000005 0.000009 0.000017 0.000033 0.000059 0.000106 0.000183 0.000307 0.000502 0.000798 0.001231 0.001843 0.002676 0.003770 0.005146 0.006804 0.008706 0.010775 0.012887 0.014885 0.016586 0.017812 0.018417 0.018309 0.017478 0.015996 0.014011 0.011720 0.009340 0.007071 0.005067 0.003421 0.002164 0.001272 0.000687 0.000334 0.000142 0.000049 0.000010 -0.000002 -0.000003 -0.000002 -0.000001 -0.000000 0.000000 0.000000 0.000000 0.000000 0.000000 -0.000000 -0.000000 -0.000000 0.000000 -0.000000 -0.000000 0.000000 0.000000 0.000000 -0.000000 -0.000000 0.000000 0.000000 -0.000000 0.000000 0.000000 -0.000000 -0.000000 0.000000 -0.000000 -0.000000 0.000000 -0.000000 -0.000000 0.000000 -0.000000 0.000000 0.000000 -0.000000 0.000000 -0.000000 0.000000 -0.000000 0.000000 -0.000000 -0.000000 0.000000 -0.000000 0.000000 -0.000000 0.000000 -0.000000 0.000000 -0.000000 0.000000 -0.000000 0.000000 0.000000 
0.000000 0.000001 0.000002 0.000004 0.000007 0.000015 0.000028 0.000053 0.000097 0.000173 0.000299 0.000502 0.000821 0.001303 0.002008 0.003004 0.004361 0.006139 0.008374 0.011065 0.014150 0.017502 0.020922 0.024152 0.026897 0.028871 0.029835 0.029646 0.028288 0.025877 0.022656 0.018944 0.015092 0.011421 0.008182 0.005523 0.003493 0.002053 0.001108 0.000539 0.000229 0.000079 0.000017 -0.000003 -0.000005 -0.000003 -0.000001 -0.000000 0.000000 0.000000 0.000000 0.000000 0.000000 -0.000000 -0.000000 -0.000000 0.000000 -0.000000 -0.000000 0.000000 0.000000 0.000000 -0.000000 -0.000000 0.000000 0.000000 -0.000000 0.000000 0.000000 -0.000000 -0.000000 0.000000 -0.000000 -0.000000 0.000000 -0.000000 -0.000000 0.000000 -0.000000 0.000000 0.000000 -0.000000 0.000000 -0.000000 0.000000 -0.000000 0.000000 -0.000000 -0.000000 0.000000 -0.000000 0.000000 -0.000000 0.000000 -0.000000 0.000000 -0.000000 0.000000 -0.000000 0.000000 0.000000 
0.000000 0.000002 0.000003 0.000006 0.000012 0.000024 0.000045 0.000085 0.000155 0.000275 0.000475 0.000798 0.001303 0.002066 0.003182 0.004759 0.006904 0.009712 0.013241 0.017485 0.022347 0.027626 0.033006 0.038080 0.042387 0.045474 0.046969 0.046650 0.044492 0.040683 0.035604 0.029759 0.023699 0.017930 0.012841 0.008666 0.005480 0.003220 0.001738 0.000846 0.000360 0.000124 0.000027 -0.000004 -0.000008 -0.000005 -0.000002 -0.000001 0.000000 0.000000 0.000000 0.000000 0.000000 -0.000000 -0.000000 -0.000000 0.000000 -0.000000 -0.000000 0.000000 0.000000 0.000000 -0.000000 -0.000000 0.000000 0.000000 -0.000000 0.000000 0.000000 -0.000000 -0.000000 0.000000 -0.000000 -0.000000 0.000000 -0.000000 -0.000000 0.000000 -0.000000 0.000000 0.000000 -0.000000 0.000000 -0.000000 0.000000 -0.000000 0.000000 -0.000000 -0.000000 0.000000 -0.000000 0.000000 -0.000000 0.000000 -0.000000 0.000000 -0.000000 0.000000 -0.000000 0.000000 0.000000 
0.000000 0.000002 0.000004 0.000009 0.000018 0.000036 0.000070 0.000131 0.000239 0.000425 0.000733 0.001231 0.002008 0.003182 0.004899 0.007321 0.010614 0.014923 0.020334 0.026836 0.034279 0.042353 0.050574 0.058318 0.064880 0.069571 0.071825 0.071304 0.067975 0.062131 0.054353 0.045414 0.036155 0.027345 0.019579 0.013212 0.008353 0.004908 0.002650 0.001291 0.000549 0.000189 0.000041 -0.000006 -0.000012 -0.000008 -0.000003 -0.000001 0.000000 0.000000 0.000000 0.000000 0.000000 -0.000000 -0.000000 -0.000000 0.000000 -0.000000 -0.000000 0.000000 0.000000 0.000000 -0.000000 -0.000000 0.000000 0.000000 -0.000000 0.000000 0.000000 -0.000000 -0.000000 0.000000 -0.000000 -0.000000 0.000000 -0.000000 -0.000000 0.000000 -0.000000 0.000000 0.000000 -0.000000 0.000000 -0.000000 0.000000 -0.000000 0.000000 -0.000000 -0.000000 0.000000 -0.000000 0.000000 -0.000000 0.000000 -0.000000 0.000000 -0.000000 0.000000 -0.000000 0.000000 0.000000 
0.000000 0.000004 0.000006 0.000014 0.000028 0.000055 0.000105 0.000197 0.000359 0.000637 0.001099 0.001843 0.003004 0.004759 0.007321 0.010933 0.015842 0.022261 0.030314 0.039984 0.051046 0.063035 0.075230 0.086706 0.096415 0.103337 0.106636 0.105816 0.100835 0.092130 0.080567 0.067295 0.053559 0.040499 0.028992 0.019560 0.012366 0.007267 0.003925 0.001913 0.000814 0.000281 0.000062 -0.000008 -0.000018 -0.000012 -0.000005 -0.000001 0.000000 0.000000 0.000000 0.000000 0.000000 -0.000000 -0.000000 -0.000000 0.000000 0.000000 -0.000000 -0.000000 0.000000 0.000000 -0.000000 -0.000000 0.000000 0.000000 -0.000000 0.000000 0.000000 -0.000000 -0.000000 0.000000 -0.000000 -0.000000 0.000000 -0.000000 -0.000000 0.000000 -0.000000 0.000000 0.000000 -0.000000 0.000000 -0.000000 0.000000 -0.000000 0.000000 -0.000000 -0.000000 0.000000 -0.000000 0.000000 -0.000000 0.000000 -0.000000 0.000000 -0.000000 0.000000 -0.000000 0.000000 0.000000 
0.000000 0.000005 0.000009 0.000020 0.000041 0.000080 0.000154 0.000287 0.000523 0.000926 0.001597 0.002676 0.004361 0.006904 0.010614 0.015842 0.022942 0.032218 0.043849 0.057804 0.073757 0.091031 0.108588 0.125090 0.139032 0.148945 0.153632 0.152388 0.145157 0.132579 0.115901 0.096780 0.077005 0.058215 0.041668 0.028110 0.017771 0.010445 0.005643 0.002752 0.001173 0.000407 0.000090 -0.000011 -0.000026 -0.000017 -0.000007 -0.000002 0.000000 0.000000 0.000000 0.000000 0.000000 -0.000000 -0.000000 -0.000000 0.000000 0.000000 -0.000000 -0.000000 0.000000 0.000000 -0.000000 -0.000000 0.000000 0.000000 -0.000000 0.000000 0.000000 -0.000000 -0.000000 0.000000 -0.000000 -0.000000 0.000000 -0.000000 -0.000000 0.000000 -0.000000 0.000000 0.000000 -0.000000 0.000000 -0.000000 0.000000 -0.000000 0.000000 -0.000000 -0.000000 0.000000 -0.000000 0.000000 -0.000000 0.000000 -0.000000 0.000000 -0.000000 0.000000 -0.000000 0.000000 0.000000 
0.000000 0.000007 0.000013 0.000028 0.000057 0.000113 0.000217 0.000406 0.000738 0.001307 0.002251 0.003770 0.006139 0.009712 0.014923 0.022261 0.032218 0.045218 0.061509 0.081040 0.103351 0.127491 0.152005 0.175021 0.194439 0.208212 0.214675 0.212853 0.202679 0.185054 0.161725 0.135008 0.107399 0.081179 0.058097 0.039193 0.024780 0.014568 0.007873 0.003842 0.001639 0.000570 0.000127 -0.000014 -0.000036 -0.000024 -0.000010 -0.000003 0.000000 0.000001 0.000000 0.000000 0.000000 -0.000000 -0.000000 -0.000000 0.000000 0.000000 -0.000000 -0.000000 0.000000 0.000000 -0.000000 -0.000000 0.000000 0.000000 -0.000000 0.000000 0.000000 -0.000000 -0.000000 0.000000 -0.000000 -0.000000 0.000000 -0.000000 -0.000000 0.000000 -0.000000 0.000000 0.000000 -0.000000 0.000000 -0.000000 0.000000 -0.000000 0.000000 -0.000000 -0.000000 0.000000 -0.000000 0.000000 -0.000000 0.000000 -0.000000 0.000000 -0.000000 0.000000 -0.000000 0.000000 0.000000 
0.000000 0.000010 0.000018 0.000039 0.000079 0.000155 0.000297 0.000555 0.001009 0.001786 0.003074 0.005146 0.008374 0.013241 0.020334 0.030314 0.043849 0.061509 0.083623 0.110118 0.140363 0.173063 0.206241 0.237360 0.263579 0.282132 0.290774 0.288201 0.274332 0.250398 0.218772 0.182589 0.145222 0.109753 0.078542 0.052987 0.033505 0.019703 0.010654 0.005203 0.002224 0.000776 0.000175 -0.000018 -0.000048 -0.000032 -0.000014 -0.000004 0.000000 0.000001 0.000000 0.000000 0.000000 -0.000000 -0.000000 -0.000000 0.000000 0.000000 -0.000000 -0.000000 0.000000 0.000000 -0.000000 -0.000000 0.000000 0.000000 -0.000000 0.000000 0.000000 -0.000000 -0.000000 0.000000 -0.000000 -0.000000 0.000000 -0.000000 -0.000000 0.000000 -0.000000 0.000000 0.000000 -0.000000 0.000000 -0.000000 0.000000 -0.000000 0.000000 -0.000000 -0.000000 0.000000 -0.000000 0.000000 -0.000000 0.000000 -0.000000 0.000000 -0.000000 0.000000 -0.000000 0.000000 0.000000 
0.000000 0.000013 0.000025 0.000052 0.000105 0.000206 0.000394 0.000736 0.001337 0.002364 0.004067 0.006804 0.011065 0.017485 0.026836 0.039984 0.057804 0.081040 0.110118 0.144934 0.184651 0.227559 0.271061 0.311824 0.346123 0.370340 0.381543 0.378036 0.359732 0.328256 0.286728 0.239257 0.190266 0.143784 0.102894 0.069421 0.043906 0.025828 0.013974 0.006832 0.002925 0.001024 0.000234 -0.000021 -0.000062 -0.000041 -0.000018 -0.000005 0.000000 0.000001 0.000001 0.000000 0.000000 -0.000000 -0.000000 -0.000000 0.000000 0.000000 -0.000000 -0.000000 0.000000 0.000000 -0.000000 -0.000000 0.000000 0.000000 -0.000000 0.000000 0.000000 -0.000000 -0.000000 0.000000 -0.000000 -0.000000 0.000000 -0.000000 -0.000000 0.000000 -0.000000 0.000000 0.000000 -0.000000 0.000000 -0.000000 0.000000 -0.000000 0.000000 -0.000000 -0.000000 0.000000 -0.000000 0.000000 -0.000000 0.000000 -0.000000 0.000000 -0.000000 0.000000 -0.000000 0.000000 0.000000 
0.000000 0.000017 0.000032 0.000067 0.000134 0.000264 0.000506 0.000944 0.001714 0.003029 0.005207 0.008706 0.014150 0.022347 0.034279 0.051046 0.073757 0.103351 0.140363 0.184651 0.235140 0.289647 0.344866 0.396562 0.440008 0.470618 0.484688 0.480082 0.456708 0.416644 0.363859 0.303571 0.241385 0.182407 0.130540 0.088086 0.055726 0.032797 0.017757 0.008692 0.003729 0.001311 0.000303 -0.000024 -0.000077 -0.000052 -0.000023 -0.000006 0.000000 0.000001 0.000001 0.000000 0.000000 -0.000000 -0.000000 -0.000000 0.000000 0.000000 -0.000000 -0.000000 0.000000 0.000000 -0.000000 -0.000000 0.000000 0.000000 -0.000000 0.000000 0.000000 -0.000000 -0.000000 0.000000 -0.000000 -0.000000 0.000000 -0.000000 -0.000000 0.000000 -0.000000 0.000000 0.000000 -0.000000 0.000000 -0.000000 0.000000 -0.000000 0.000000 -0.000000 -0.000000 0.000000 -0.000000 0.000000 -0.000000 0.000000 -0.000000 0.000000 -0.000000 0.000000 -0.000000 0.000000 0.000000 
0.000000 0.000022 0.000039 0.000083 0.000167 0.000328 0.000628 0.001171 0.002125 0.003753 0.006448 0.010775 0.017502 0.027626 0.042353 0.063035 0.091031 0.127491 0.173063 0.227559 0.289647 0.356632 0.424444 0.487876 0.541124 0.578569 0.595677 0.589847 0.560988 0.511667 0.446769 0.372700 0.296336 0.223936 0.160276 0.108174 0.068458 0.040312 0.021845 0.010707 0.004603 0.001625 0.000380 -0.000025 -0.000093 -0.000064 -0.000028 -0.000008 -0.000000 0.000001 0.000001 0.000000 0.000000 -0.000000 -0.000000 -0.000000 0.000000 0.000000 -0.000000 -0.000000 0.000000 0.000000 -0.000000 -0.000000 0.000000 0.000000 -0.000000 0.000000 0.000000 -0.000000 -0.000000 0.000000 -0.000000 -0.000000 0.000000 -0.000000 -0.000000 0.000000 -0.000000 0.000000 0.000000 -0.000000 0.000000 -0.000000 0.000000 -0.000000 0.000000 -0.000000 -0.000000 0.000000 -0.000000 0.000000 -0.000000 0.000000 -0.000000 0.000000 -0.000000 0.000000 -0.000000 0.000000 0.000000 
0.000000 0.000026 0.000047 0.000100 0.000201 0.000394 0.000754 0.001404 0.002546 0.004494 0.007717 0.012887 0.020922 0.033006 0.050574 0.075230 0.108588 0.152005 0.206241 0.271061 0.344866 0.424444 0.504949 0.580196 0.643298 0.687593 0.707721 0.700617 0.666193 0.607517 0.530394 0.442429 0.351776 0.265850 0.190306 0.128478 0.081344 0.047932 0.025999 0.012762 0.005500 0.001951 0.000463 -0.000024 -0.000109 -0.000075 -0.000033 -0.000009 -0.000000 0.000002 0.000001 0.000000 0.000000 -0.000000 -0.000000 -0.000000 0.000000 0.000000 -0.000000 -0.000000 0.000000 0.000000 -0.000000 -0.000000 0.000000 0.000000 -0.000000 0.000000 0.000000 -0.000000 -0.000000 0.000000 -0.000000 -0.000000 0.000000 -0.000000 -0.000000 0.000000 -0.000000 0.000000 0.000000 -0.000000 0.000000 -0.000000 0.000000 -0.000000 0.000000 -0.000000 -0.000000 0.000000 -0.000000 0.000000 -0.000000 0.000000 -0.000000 0.000000 -0.000000 0.000000 -0.000000 0.000000 0.000000 
0.000000 0.000030 0.000055 0.000116 0.000233 0.000457 0.000873 0.001625 0.002946 0.005196 0.008918 0.014885 0.024152 0.038080 0.058318 0.086706 0.125090 0.175021 0.237360 0.311824 0.396562 0.487876 0.580196 0.666425 0.738668 0.789301 0.812198 0.803868 0.764234 0.696830 0.608319 0.507419 0.403469 0.304956 0.218351 0.147466 0.093415 0.055087 0.029913 0.014707 0.006356 0.002267 0.000547 -0.000021 -0.000122 -0.000086 -0.000038 -0.000011 -0.000000 0.000002 0.000001 0.000000 0.000000 -0.000000 -0.000000 -0.000000 0.000000 0.000000 -0.000000 -0.000000 0.000000 0.000000 -0.000000 -0.000000 0.000000 0.000000 -0.000000 0.000000 0.000000 -0.000000 -0.000000 0.000000 -0.000000 -0.000000 0.000000 -0.000000 -0.000000 0.000000 -0.000000 0.000000 0.000000 -0.000000 0.000000 -0.000000 0.000000 -0.000000 0.000000 -0.000000 -0.000000 0.000000 -0.000000 0.000000 -0.000000 0.000000 -0.000000 0.000000 -0.000000 0.000000 -0.000000 0.000000 0.000000 
0.000000 0.000034 0.000062 0.000130 0.000260 0.000511 0.000976 0.001815 0.003288 0.005797 0.009943 0.016586 0.026897 0.042387 0.064880 0.096415 0.139032 0.194439 0.263579 0.346123 0.440008 0.541124 0.643297 0.738668 0.818505 0.874386 0.899551 0.890162 0.846156 0.771457 0.673444 0.561760 0.446725 0.337718 0.241884 0.163432 0.103595 0.061144 0.033245 0.016376 0.007098 0.002546 0.000624 -0.000015 -0.000132 -0.000094 -0.000042 -0.000012 -0.000000 0.000002 0.000001 0.000000 0.000000 -0.000000 -0.000000 -0.000000 0.000000 0.000000 -0.000000 -0.000000 0.000000 0.000000 -0.000000 -0.000000 0.000000 0.000000 -0.000000 0.000000 0.000000 -0.000000 -0.000000 0.000000 -0.000000 -0.000000 0.000000 -0.000000 -0.000000 0.000000 -0.000000 0.000000 0.000000 -0.000000 0.000000 -0.000000 0.000000 -0.000000 0.000000 -0.000000 -0.000000 0.000000 -0.000000 0.000000 -0.000000 0.000000 -0.000000 0.000000 -0.000000 0.000000 -0.000000 0.000000 0.000000 
0.000000 0.000036 0.000066 0.000140 0.000281 0.000550 0.001051 0.001954 0.003537 0.006232 0.010684 0.017812 0.028871 0.045474 0.069571 0.103337 0.148945 0.208212 0.282132 0.370339 0.470618 0.578569 0.687593 0.789301 0.874386 0.933874 0.960574 0.950413 0.903343 0.823561 0.718942 0.599767 0.477032 0.360727 0.258465 0.174731 0.110840 0.065487 0.035657 0.017600 0.007654 0.002762 0.000689 -0.000006 -0.000138 -0.000100 -0.000046 -0.000013 -0.000001 0.000002 0.000001 0.000000 0.000000 -0.000000 -0.000000 -0.000000 0.000000 0.000000 -0.000000 -0.000000 -0.000000 0.000000 -0.000000 -0.000000 0.000000 0.000000 -0.000000 0.000000 0.000000 -0.000000 -0.000000 0.000000 -0.000000 -0.000000 0.000000 -0.000000 -0.000000 0.000000 -0.000000 0.000000 0.000000 -0.000000 0.000000 -0.000000 0.000000 -0.000000 0.000000 -0.000000 -0.000000 0.000000 -0.000000 0.000000 -0.000000 0.000000 -0.000000 0.000000 -0.000000 0.000000 -0.000000 0.000000 0.000000 
0.000000 0.000038 0.000069 0.000146 0.000291 0.000571 0.001089 0.002025 0.003663 0.006451 0.011052 0.018417 0.029835 0.046969 0.071825 0.106636 0.153632 0.214675 0.290774 0.381543 0.484688 0.595677 0.707721 0.812198 0.899551 0.960574 0.987896 0.977352 0.928905 0.846875 0.739353 0.616890 0.490771 0.371247 0.266132 0.180031 0.114301 0.067611 0.036872 0.018243 0.007962 0.002893 0.000735 0.000005 -0.000138 -0.000102 -0.000047 -0.000014 -0.000001 0.000002 0.000001 0.000000 0.000000 -0.000000 -0.000000 -0.000000 0.000000 0.000000 -0.000000 -0.000000 -0.000000 0.000000 -0.000000 -0.000000 0.000000 0.000000 -0.000000 0.000000 0.000000 -0.000000 -0.000000 0.000000 -0.000000 -0.000000 0.000000 -0.000000 -0.000000 0.000000 -0.000000 0.000000 0.000000 -0.000000 0.000000 -0.000000 0.000000 -0.000000 0.000000 -0.000000 -0.000000 0.000000 -0.000000 0.000000 -0.000000 0.000000 -0.000000 0.000000 -0.000000 0.000000 -0.000000 0.000000 0.000000 
0.000000 0.000038 0.000069 0.000145 0.000291 0.000570 0.001086 0.002017 0.003647 0.006420 0.010993 0.018309 0.029646 0.046650 0.071304 0.105816 0.152388 0.212853 0.288201 0.378036 0.480082 0.589847 0.700617 0.803868 0.890162 0.950413 0.977352 0.966874 0.918954 0.837864 0.731590 0.610552 0.485886 0.367715 0.263755 0.178560 0.113481 0.067216 0.036723 0.018216 0.007982 0.002921 0.000757 0.000017 -0.000133 -0.000101 -0.000047 -0.000014 -0.000001 0.000002 0.000001 0.000000 0.000000 -0.000000 -0.000000 -0.000000 0.000000 0.000000 0.000000 -0.000000 -0.000000 0.000000 -0.000000 -0.000000 0.000000 0.000000 -0.000000 0.000000 0.000000 -0.000000 -0.000000 0.000000 -0.000000 -0.000000 0.000000 -0.000000 -0.000000 0.000000 -0.000000 0.000000 0.000000 -0.000000 0.000000 -0.000000 0.000000 -0.000000 0.000000 -0.000000 -0.000000 0.000000 -0.000000 0.000000 -0.000000 0.000000 -0.000000 0.000000 -0.000000 0.000000 -0.000000 0.000000 0.000000 
0.000000 0.000036 0.000066 0.000139 0.000279 0.000545 0.001040 0.001930 0.003487 0.006134 0.010499 0.017478 0.028288 0.044492 0.067975 0.100835 0.145157 0.202679 0.274332 0.359732 0.456708 0.560988 0.666193 0.764234 0.846156 0.903343 0.928905 0.918954 0.873470 0.796503 0.695627 0.580717 0.462336 0.350082 0.251283 0.170270 0.108338 0.064266 0.035183 0.017502 0.007703 0.002841 0.000751 0.000030 -0.000122 -0.000095 -0.000045 -0.000014 -0.000001 0.000002 0.000001 0.000000 0.000000 -0.000000 -0.000000 -0.000000 0.000000 0.000000 0.000000 -0.000000 -0.000000 0.000000 -0.000000 -0.000000 0.000000 0.000000 -0.000000 0.000000 0.000000 -0.000000 -0.000000 0.000000 -0.000000 -0.000000 0.000000 -0.000000 -0.000000 0.000000 -0.000000 0.000000 0.000000 -0.000000 0.000000 -0.000000 0.000000 -0.000000 0.000000 -0.000000 -0.000000 0.000000 -0.000000 0.000000 -0.000000 0.000000 -0.000000 0.000000 -0.000000 0.000000 -0.000000 0.000000 0.000000 
0.000000 0.000033 0.000061 0.000128 0.000256 0.000501 0.000954 0.001769 0.003196 0.005620 0.009614 0.015996 0.025877 0.040683 0.062131 0.092130 0.132579 0.185054 0.250398 0.328256 0.416644 0.511667 0.607517 0.696830 0.771457 0.823561 0.846875 0.837864 0.796503 0.726474 0.634657 0.530031 0.422200 0.319902 0.229811 0.155883 0.099316 0.059016 0.032383 0.016160 0.007147 0.002658 0.000718 0.000041 -0.000107 -0.000086 -0.000041 -0.000013 -0.000001 0.000001 0.000001 0.000000 0.000000 -0.000000 -0.000000 -0.000000 0.000000 -0.000000 0.000000 -0.000000 -0.000000 0.000000 -0.000000 -0.000000 0.000000 0.000000 -0.000000 0.000000 0.000000 -0.000000 -0.000000 0.000000 -0.000000 -0.000000 0.000000 -0.000000 -0.000000 0.000000 -0.000000 0.000000 0.000000 -0.000000 0.000000 -0.000000 0.000000 -0.000000 0.000000 -0.000000 -0.000000 0.000000 -0.000000 0.000000 -0.000000 0.000000 -0.000000 0.000000 -0.000000 0.000000 -0.000000 0.000000 0.000000 
0.000000 0.000029 0.000054 0.000113 0.000225 0.000440 0.000837 0.001553 0.002804 0.004927 0.008424 0.014011 0.022656 0.035604 0.054353 0.080567 0.115901 0.161725 0.218772 0.286728 0.363858 0.446769 0.530394 0.608318 0.673444 0.718942 0.739353 0.731590 0.695627 0.634657 0.554664 0.463458 0.369405 0.280120 0.201429 0.136798 0.087290 0.051971 0.028590 0.014318 0.006366 0.002390 0.000660 0.000049 -0.000089 -0.000075 -0.000037 -0.000012 -0.000001 0.000001 0.000001 0.000000 0.000000 -0.000000 -0.000000 -0.000000 0.000000 -0.000000 0.000000 -0.000000 -0.000000 0.000000 -0.000000 -0.000000 0.000000 0.000000 -0.000000 0.000000 0.000000 -0.000000 -0.000000 0.000000 -0.000000 -0.000000 0.000000 -0.000000 0.000000 0.000000 -0.000000 -0.000000 0.000000 -0.000000 0.000000 -0.000000 0.000000 -0.000000 0.000000 0.000000 -0.000000 0.000000 -0.000000 0.000000 -0.000000 0.000000 -0.000000 0.000000 -0.000000 0.000000 -0.000000 0.000000 0.000000 
0.000000 0.000025 0.000045 0.000095 0.000189 0.000369 0.000702 0.001301 0.002348 0.004125 0.007050 0.011720 0.018944 0.029759 0.045414 0.067295 0.096780 0.135008 0.182589 0.239257 0.303570 0.372700 0.442429 0.507419 0.561760 0.599767 0.616890 0.610552 0.580717 0.530031 0.463459 0.387493 0.309093 0.234605 0.168894 0.114864 0.073422 0.043811 0.024171 0.012153 0.005435 0.002061 0.000583 0.000054 -0.000070 -0.000062 -0.000031 -0.000010 -0.000001 0.000001 0.000001 0.000000 0.000000 -0.000000 -0.000000 -0.000000 0.000000 -0.000000 0.000000 0.000000 -0.000000 0.000000 -0.000000 -0.000000 0.000000 0.000000 -0.000000 0.000000 0.000000 -0.000000 -0.000000 0.000000 -0.000000 -0.000000 0.000000 -0.000000 0.000000 -0.000000 -0.000000 0.000000 0.000000 -0.000000 0.000000 -0.000000 0.000000 -0.000000 0.000000 0.000000 -0.000000 0.000000 -0.000000 0.000000 -0.000000 0.000000 -0.000000 0.000000 -0.000000 0.000000 -0.000000 0.000000 0.000000 
0.000000 0.000020 0.000036 0.000076 0.000151 0.000295 0.000561 0.001039 0.001874 0.003290 0.005621 0.009340 0.015092 0.023699 0.036155 0.053559 0.077005 0.107399 0.145222 0.190265 0.241385 0.296336 0.351776 0.403469 0.446725 0.477032 0.490771 0.485887 0.462336 0.422200 0.369406 0.309093 0.246785 0.187521 0.135180 0.092086 0.058981 0.035283 0.019530 0.009863 0.004439 0.001702 0.000493 0.000055 -0.000052 -0.000049 -0.000025 -0.000009 -0.000001 0.000001 0.000001 0.000000 0.000000 -0.000000 -0.000000 -0.000000 0.000000 -0.000000 -0.000000 0.000000 0.000000 -0.000000 -0.000000 -0.000000 0.000000 0.000000 -0.000000 -0.000000 0.000000 -0.000000 -0.000000 0.000000 -0.000000 -0.000000 0.000000 -0.000000 0.000000 0.000000 -0.000000 0.000000 0.000000 -0.000000 0.000000 -0.000000 0.000000 -0.000000 0.000000 0.000000 -0.000000 0.000000 -0.000000 0.000000 -0.000000 0.000000 -0.000000 0.000000 -0.000000 0.000000 -0.000000 0.000000 0.000000 
0.000000 0.000015 0.000027 0.000057 0.000115 0.000224 0.000426 0.000788 0.001420 0.002493 0.004257 0.007071 0.011421 0.017930 0.027345 0.040499 0.058215 0.081179 0.109753 0.143784 0.182407 0.223936 0.265850 0.304956 0.337718 0.360727 0.371247 0.367715 0.350083 0.319902 0.280120 0.234605 0.187522 0.142679 0.103017 0.070310 0.045139 0.027081 0.015046 0.007636 0.003462 0.001343 0.000400 0.000052 -0.000036 -0.000036 -0.000019 -0.000007 -0.000001 0.000000 0.000000 0.000000 0.000000 -0.000000 -0.000000 -0.000000 0.000000 -0.000000 -0.000000 0.000000 0.000000 -0.000000 -0.000000 0.000000 0.000000 0.000000 -0.000000 -0.000000 0.000000 -0.000000 -0.000000 0.000000 -0.000000 -0.000000 0.000000 -0.000000 0.000000 0.000000 -0.000000 0.000000 0.000000 -0.000000 0.000000 -0.000000 0.000000 -0.000000 0.000000 0.000000 -0.000000 0.000000 -0.000000 0.000000 -0.000000 0.000000 -0.000000 0.000000 -0.000000 0.000000 -0.000000 0.000000 0.000000 
0.000000 0.000011 0.000020 0.000041 0.000082 0.000161 0.000306 0.000565 0.001019 0.001787 0.003051 0.005067 0.008182 0.012841 0.019579 0.028992 0.041668 0.058097 0.078542 0.102894 0.130540 0.160276 0.190306 0.218351 0.241884 0.258465 0.266132 0.263754 0.251283 0.229811 0.201429 0.168894 0.135180 0.103017 0.074520 0.050975 0.032814 0.019753 0.011021 0.005625 0.002571 0.001010 0.000309 0.000047 -0.000023 -0.000026 -0.000014 -0.000005 -0.000001 0.000000 0.000000 0.000000 0.000000 -0.000000 -0.000000 -0.000000 0.000000 0.000000 -0.000000 0.000000 0.000000 -0.000000 -0.000000 -0.000000 0.000000 0.000000 -0.000000 -0.000000 0.000000 -0.000000 -0.000000 0.000000 -0.000000 -0.000000 0.000000 -0.000000 -0.000000 0.000000 -0.000000 0.000000 0.000000 -0.000000 0.000000 -0.000000 0.000000 -0.000000 0.000000 -0.000000 -0.000000 0.000000 -0.000000 0.000000 -0.000000 0.000000 -0.000000 0.000000 -0.000000 0.000000 -0.000000 0.000000 0.000000 
0.000000 0.000007 0.000013 0.000028 0.000056 0.000109 0.000207 0.000382 0.000689 0.001208 0.002061 0.003421 0.005523 0.008666 0.013212 0.019560 0.028110 0.039193 0.052987 0.069421 0.088086 0.108174 0.128478 0.147466 0.163432 0.174731 0.180031 0.178560 0.170270 0.155883 0.136798 0.114864 0.092086 0.070310 0.050975 0.034962 0.022577 0.013643 0.007649 0.003929 0.001812 0.000722 0.000227 0.000039 -0.000013 -0.000017 -0.000010 -0.000004 -0.000001 0.000000 0.000000 0.000000 0.000000 0.000000 -0.000000 -0.000000 0.000000 0.000000 -0.000000 -0.000000 0.000000 0.000000 -0.000000 -0.000000 0.000000 0.000000 -0.000000 -0.000000 0.000000 -0.000000 0.000000 0.000000 -0.000000 -0.000000 -0.000000 0.000000 -0.000000 0.000000 -0.000000 -0.000000 0.000000 -0.000000 0.000000 -0.000000 0.000000 -0.000000 0.000000 -0.000000 0.000000 0.000000 -0.000000 0.000000 -0.000000 0.000000 -0.000000 0.000000 -0.000000 0.000000 -0.000000 0.000000 0.000000 
0.000000 0.000005 0.000008 0.000018 0.000035 0.000069 0.000131 0.000242 0.000436 0.000764 0.001304 0.002164 0.003493 0.005480 0.008353 0.012366 0.017771 0.024780 0.033505 0.043906 0.055726 0.068458 0.081344 0.093415 0.103595 0.110840 0.114301 0.113481 0.108338 0.099316 0.087289 0.073422 0.058981 0.045139 0.032814 0.022577 0.014635 0.008885 0.005010 0.002593 0.001208 0.000489 0.000159 0.000031 -0.000007 -0.000010 -0.000006 -0.000002 -0.000001 0.000000 0.000000 0.000000 0.000000 0.000000 -0.000000 -0.000000 -0.000000 0.000000 0.000000 -0.000000 0.000000 0.000000 0.000000 -0.000000 0.000000 0.000000 -0.000000 0.000000 0.000000 -0.000000 0.000000 -0.000000 -0.000000 0.000000 -0.000000 0.000000 -0.000000 0.000000 0.000000 -0.000000 0.000000 -0.000000 0.000000 -0.000000 0.000000 -0.000000 0.000000 -0.000000 0.000000 0.000000 -0.000000 0.000000 -0.000000 0.000000 -0.000000 0.000000 -0.000000 0.000000 -0.000000 0.000000 0.000000 
0.000000 0.000003 0.000005 0.000010 0.000021 0.000041 0.000077 0.000142 0.000256 0.000449 0.000766 0.001272 0.002053 0.003220 0.004908 0.007267 0.010445 0.014568 0.019703 0.025828 0.032797 0.040312 0.047932 0.055087 0.061144 0.065487 0.067611 0.067216 0.064266 0.059016 0.051971 0.043811 0.035283 0.027081 0.019753 0.013643 0.008885 0.005423 0.003079 0.001607 0.000758 0.000313 0.000105 0.000023 -0.000002 -0.000006 -0.000004 -0.000002 -0.000000 0.000000 0.000000 0.000000 0.000000 0.000000 0.000000 -0.000000 -0.000000 0.000000 0.000000 -0.000000 -0.000000 0.000000 0.000000 -0.000000 -0.000000 0.000000 -0.000000 0.000000 -0.000000 0.000000 -0.000000 -0.000000 0.000000 -0.000000 -0.000000 0.000000 -0.000000 -0.000000 0.000000 -0.000000 0.000000 0.000000 -0.000000 0.000000 -0.000000 0.000000 -0.000000 0.000000 -0.000000 0.000000 -0.000000 0.000000 -0.000000 0.000000 -0.000000 0.000000 -0.000000 0.000000 -0.000000 0.000000 0.000000 
0.000000 0.000001 0.000003 0.000006 0.000011 0.000022 0.000042 0.000077 0.000138 0.000243 0.000414 0.000687 0.001108 0.001738 0.002650 0.003925 0.005643 0.007873 0.010654 0.013974 0.017757 0.021845 0.025999 0.029913 0.033245 0.035657 0.036872 0.036723 0.035183 0.032383 0.028590 0.024171 0.019530 0.015046 0.011021 0.007649 0.005010 0.003079 0.001762 0.000930 0.000445 0.000187 0.000065 0.000016 -0.000000 -0.000003 -0.000002 -0.000001 -0.000000 -0.000000 0.000000 0.000000 0.000000 -0.000000 0.000000 0.000000 -0.000000 -0.000000 0.000000 0.000000 -0.000000 0.000000 -0.000000 0.000000 -0.000000 -0.000000 0.000000 0.000000 -0.000000 0.000000 -0.000000 0.000000 0.000000 -0.000000 0.000000 -0.000000 -0.000000 0.000000 -0.000000 0.000000 -0.000000 0.000000 -0.000000 0.000000 -0.000000 0.000000 -0.000000 0.000000 -0.000000 0.000000 -0.000000 0.000000 -0.000000 0.000000 -0.000000 0.000000 -0.000000 0.000000 -0.000000 0.000000 0.000000 
0.000000 0.000001 0.000001 0.000003 0.000005 0.000011 0.000020 0.000037 0.000067 0.000118 0.000201 0.000334 0.000539 0.000846 0.001291 0.001913 0.002752 0.003842 0.005203 0.006832 0.008692 0.010707 0.012762 0.014707 0.016376 0.017600 0.018243 0.018216 0.017502 0.016160 0.014318 0.012153 0.009863 0.007636 0.005625 0.003929 0.002593 0.001607 0.000930 0.000497 0.000242 0.000104 0.000038 0.000010 0.000001 -0.000001 -0.000001 -0.000001 -0.000000 -0.000000 0.000000 0.000000 0.000000 -0.000000 -0.000000 0.000000 -0.000000 -0.000000 -0.000000 0.000000 0.000000 -0.000000 -0.000000 0.000000 0.000000 -0.000000 0.000000 0.000000 -0.000000 0.000000 -0.000000 0.000000 0.000000 -0.000000 0.000000 -0.000000 -0.000000 0.000000 -0.000000 0.000000 -0.000000 0.000000 -0.000000 0.000000 0.000000 -0.000000 -0.000000 0.000000 -0.000000 0.000000 -0.000000 0.000000 -0.000000 0.000000 -0.000000 0.000000 -0.000000 0.000000 -0.000000 0.000000 0.000000 
0.000000 0.000000 0.000001 0.000001 0.000002 0.000005 0.000009 0.000016 0.000029 0.000050 0.000085 0.000142 0.000229 0.000360 0.000549 0.000814 0.001173 0.001639 0.002224 0.002925 0.003729 0.004603 0.005500 0.006356 0.007098 0.007654 0.007963 0.007982 0.007703 0.007147 0.006366 0.005435 0.004439 0.003462 0.002571 0.001812 0.001208 0.000758 0.000445 0.000242 0.000120 0.000053 0.000020 0.000006 0.000001 -0.000000 -0.000001 -0.000000 -0.000000 -0.000000 -0.000000 0.000000 0.000000 0.000000 -0.000000 0.000000 0.000000 -0.000000 -0.000000 -0.000000 0.000000 0.000000 -0.000000 -0.000000 0.000000 -0.000000 -0.000000 0.000000 0.000000 -0.000000 0.000000 0.000000 -0.000000 0.000000 -0.000000 -0.000000 -0.000000 0.000000 -0.000000 0.000000 -0.000000 -0.000000 0.000000 -0.000000 0.000000 -0.000000 0.000000 -0.000000 0.000000 -0.000000 0.000000 -0.000000 0.000000 -0.000000 0.000000 -0.000000 0.000000 -0.000000 0.000000 -0.000000 0.000000 
0.000000 0.000000 0.000000 0.000000 0.000001 0.000002 0.000003 0.000005 0.000010 0.000017 0.000029 0.000049 0.000079 0.000124 0.000189 0.000281 0.000407 0.000570 0.000776 0.001024 0.001311 0.001625 0.001951 0.002267 0.002546 0.002762 0.002893 0.002921 0.002841 0.002658 0.002390 0.002061 0.001702 0.001343 0.001010 0.000722 0.000489 0.000313 0.000187 0.000104 0.000053 0.000025 0.000010 0.000003 0.000001 -0.000000 -0.000000 -0.000000 -0.000000 -0.000000 -0.000000 -0.000000 0.000000 0.000000 -0.000000 -0.000000 0.000000 0.000000 -0.000000 -0.000000 -0.000000 0.000000 0.000000 -0.000000 0.000000 0.000000 -0.000000 0.000000 0.000000 -0.000000 0.000000 -0.000000 -0.000000 0.000000 -0.000000 0.000000 0.000000 -0.000000 0.000000 -0.000000 0.000000 -0.000000 0.000000 -0.000000 0.000000 -0.000000 0.000000 -0.000000 0.000000 -0.000000 0.000000 -0.000000 0.000000 -0.000000 0.000000 -0.000000 0.000000 -0.000000 0.000000 -0.000000 0.000000 
